              1     744431.487    1040762.323     208.629              
              2     744431.045    1040754.203     208.649              
              3     744430.507    1040746.522     208.400              
              4     744430.557    1040740.229     208.259              
              5     744438.581    1040739.629     208.423              
              6     744439.453    1040747.203     208.602              
              7     744440.131    1040754.669     208.743              
              8     744440.704    1040762.229     208.843              
              9     744448.107    1040761.750     208.931              
             10     744447.767    1040753.608     208.846              
             11     744447.686    1040746.533     208.706              
             12     744447.530    1040739.521     208.556              
             13     744454.981    1040739.253     208.685              
             14     744455.749    1040746.797     208.902              
             15     744456.187    1040753.213     209.059              
             16     744456.853    1040761.333     208.978              
             17     744464.521    1040760.969     209.301              
             18     744464.257    1040752.581     209.169              
             19     744463.756    1040745.345     208.969              
             20     744463.398    1040738.091     208.890              
             21     744470.968    1040737.748     208.975              
             22     744471.534    1040745.515     209.148              
             23     744471.808    1040751.628     209.258              
             24     744472.222    1040760.403     209.383              
             25     744480.543    1040760.320     209.575              
             26     744480.511    1040751.582     209.477              
             27     744480.007    1040744.599     209.325              
             28     744479.732    1040737.597     209.252              
             29     744487.618    1040737.167     209.490              
             30     744487.996    1040744.853     209.536              
             31     744488.310    1040750.204     209.651              
             32     744488.815    1040759.026     209.797              
             33     744496.561    1040759.017     209.912              
             34     744496.034    1040750.621     209.871              
             35     744494.903    1040743.993     209.748              
             36     744494.446    1040736.822     209.648              
             37     744501.770    1040736.771     209.790              
             38     744502.128    1040743.982     209.895              
             39     744502.727    1040749.191     209.983              
             40     744503.576    1040758.357     210.010              
             41     744512.629    1040757.988     210.153              
             42     744512.278    1040750.053     210.170              
             43     744511.706    1040742.889     210.123              
             44     744511.328    1040735.840     210.011              
             45     744520.144    1040736.018     210.141              
             46     744520.322    1040743.574     210.290              
             47     744520.508    1040749.310     210.329              
             48     744520.948    1040757.502     210.282              
             49     744528.805    1040756.968     210.460              
             50     744528.611    1040749.291     210.563              
             51     744528.633    1040742.642     210.502              
             52     744528.768    1040734.498     210.397              
             53     744536.034    1040734.569     210.551              
             54     744535.944    1040741.892     210.693              
             55     744536.193    1040747.582     210.747              
             56     744536.968    1040756.710     210.643              
             57     744544.269    1040756.026     210.772              
             58     744543.931    1040747.951     210.911              
             59     744544.118    1040741.137     210.813              
             60     744544.085    1040733.669     210.689              
             61     744551.639    1040733.135     210.872              
             62     744551.478    1040740.894     210.928              
             63     744551.446    1040746.794     210.922              
             64     744551.754    1040755.854     210.999              
             65     744560.044    1040755.594     211.159              
             66     744559.896    1040746.557     211.130              
             67     744559.287    1040740.085     211.042              
             68     744559.367    1040732.857     211.060              
             69     744567.847    1040732.958     211.195              
             70     744567.668    1040740.606     211.290              
             71     744567.888    1040746.495     211.340              
             72     744568.142    1040754.991     211.333              
             73     744573.605    1040754.588     211.385              
             74     744573.154    1040747.109     211.392              
             75     744572.615    1040739.735     211.276              
             76     744572.283    1040732.212     211.210              
